475 0190 0397
410 0181
409 0387
405 0234
350 0088
340 0003
304 0248
293 0149
279 0362
275 0418
273 0028
262 0036
260 0390
258 0376
241 0000
239 0627
232 0325
223 0066
222 0374
221 0188
217 0007
210 0134
210 0096
203 0006 0326
201 0084
180 0590
177 0067 0025
176 1261
174 0453
174 0174
172 0193
168 0397 0025
167 0191
160 0177
155 0621
154 0591
149 0021
148 0838
148 0488
147 0626
146 0543
146 0439 0323
145 0718
145 0625
143 0987
142 0244
141 0481 0397
140 0205
138 0204
137 1022
137 0104
137 0006 0025
136 1029
129 0416
127 0610
126 0479 0018
125 0524
124 0006 0060
123 0395
121 0105 0397
121 0250
120 0544
118 0211
116 0056
115 0767
114 0067 0397
114 0067 0060
113 0573
113 0067 0006
113 0011
113 0500
112 0568
111 0272
109 0190 0025
107 0946
106 0330
106 0105 0190
106 1010
105 0678 0967
105 2042
104 0138
104 1183
