469 7255
433 1458
412 7228 0937
353 9623
325 5752
322 0331
300 6137
273 3332
259 3865
251 5167
249 2001
209 5342
206 11687
205 4110
204 1582
203 7228 4222
201 0754 0240
186 11286
182 11073
176 12084
170 3810
165 11393
165 1933
159 5327
157 0937 10106
155 12088
155 7552
153 0754 4432
149 2200 0937
149 6141
142 2355
135 6830
134 4267
133 5562
127 7228 7216
125 9639
124 9338
122 0098
121 1410 7059
119 5986
119 6926
117 4379
115 10444
115 1419
106 0503
106 7328
106 0154
105 9642
105 2878 7763
105 7448
104 3491
100 0181
98 1486
98 4206
98 3914
96 9989
96 1150
95 0448
94 4442 0937
93 1603
93 4833
93 9270
