373 0105 0038
336 0025
329 0060
312 0317 0448
303 0152
298 0122
248 0317 0038
248 0576
224 0234
221 0487
221 0036
214 0038 0548
204 0442
203 0554
197 0096
182 0248
176 0093
173 0716
170 0797
169 0474
166 0317 0563
157 0282
157 0400 0066 0038
156 0078
156 0509
153 0276
152 0497
146 0537
146 0447
143 0764
142 0188
138 0067
133 0149
132 0034
132 0003
127 1889
124 0028
123 1048
122 1119
120 0190
120 0893
118 1992
116 0084 0082
116 0559
115 0443
113 0317 0473
111 0158
110 0317 0389
109 0286
107 0038 0441
107 0472
106 0084 0784
105 0038 0253
105 0294
104 0105 0253
104 0084 0387
102 0412
102 0084 0317
102 0240
101 0007
97 0194
