426 0458
378 0390 0382
373 0118
349 0060
327 0038
311 0025
309 0122
275 0088
274 0359
264 1201
246 0374
232 0526
219 0045
201 0752
194 0501
192 0425 0390
191 0723 0382
182 0234
172 1789
161 1832 0298
160 0495
157 0755
152 0245
140 0390 0181
138 0105
135 0424
127 0116
126 0829
126 0422 0382
125 0083
121 0003
121 1836 0496
119 0525
117 0248 0832
115 2478
114 0416
112 0355
111 0387
107 0248 0390
106 1263
104 1650
103 0099
102 0149
100 0462
99 0134
99 0563
99 0190
98 0390 0180
95 1083
95 0661
94 0441
92 0248 0473
92 0488
91 0174
89 0081
89 0655
