1229 0006
1229 0025
1114 0397
975 0190
935 0067
881 0060
665 0479
647 0481
498 0018
475 0190 0397
469 0323
422 0105
410 0181
409 0387
405 0234
350 0088
340 0003
304 0248
294 0439
293 0149
279 0362
275 0418
273 0028
262 0036
260 0390
258 0376
241 0000
239 0627
232 0325
224 0326
223 0066
222 0374
221 0188
217 0007
210 0096
210 0134
203 0006 0326
201 0084
180 0590
177 0067 0025
177 0678
176 1261
176 0967
174 0453
174 0174
172 0193
168 0397 0025
167 0191
160 0177
155 0621
154 0591
149 0021
148 0838
148 0488
147 0626
146 0439 0323
146 0543
145 0625
145 0718
143 0987
142 0244
141 0481 0397
140 0205
138 0204
137 1022
137 0006 0025
137 0104
136 1029
129 0416
127 0610
126 0479 0018
125 0524
124 0006 0060
123 0395
121 0250
121 0105 0397
120 0544
118 0211
116 0056
115 0767
114 0067 0060
114 0067 0397
113 0500
113 0011
113 0067 0006
113 0573
112 0568
111 0272
109 0190 0025
107 0946
106 1010
106 0105 0190
106 0330
105 2042
105 0678 0967
104 0138
104 1183
