1876 5167
1671 8443
1119 0937
1046 2597
676 0369
584 5242
561 8062
513 3917
466 1150
429 2597 5167
419 5654
378 2878
377 7255
350 9537
342 7266
311 8443 5242
310 2041
294 8335
290 11890
289 7763
287 9366
286 9324
265 4442
264 7948
256 5752
254 3332
249 10793
245 5167 8443
245 9537 0369
241 0369 5167
236 1458
234 5502
229 5929
213 3917 5167
210 9639
207 5327
191 6141
191 8493
184 10106
183 4910
181 10082
175 2355
171 3830
171 2041 8443
169 10474
168 9537 5167
168 5654 2597
166 6555
159 3469
158 9342
157 9537 0369 5167
156 7535
153 8943
153 8062 5167
151 7648
149 2597 0937
149 0937 8443
143 4855
143 5654 0937
139 9732
138 9985
137 9951
137 1486
136 0305
135 10545
134 4566
134 6926
134 2597 8062
133 0194
132 4594
130 5025
125 5562
125 3920
122 3413
117 5654 5167
111 7232
111 4926
110 1150 8443
110 2597 8443
108 11218
108 5099
107 1915
107 4855 0937
106 2553
106 5502 0194
104 7255 8443
103 5479
