1668 4320
976 1458
875 4442
636 10545
461 3865
456 0331
439 5752
407 11286
380 0098
366 1419
312 8308
306 2200
304 3125
301 0154
289 8810
280 3318
273 3332
270 5838
266 7421
257 8384
257 8943
254 6390
247 1609
247 1582
240 7358
230 9570
226 0369
224 3011
220 2991
217 0929
210 4320 3011
204 11874
203 6141
198 9639
196 10236
192 7255
182 11849
181 10323
177 6176
176 4493
173 11393
167 0331 8308
167 1300
160 8968
158 11842
156 6212
154 8244
149 0937
147 11220
144 1980
144 8279
144 4320 4442
140 5342
139 10813
137 10454
136 9455
134 3903
131 11280
131 5327
131 7552
130 4110
129 8335
126 0154 8810
118 3798
117 10097
115 2227
115 10205
115 5199
114 9623
114 4206
114 5713
112 8814
111 5893
111 11090
108 1458 3125
108 2545
107 2041
