735 0390
473 0006
464 0067
439 0374
395 0031
332 0298
296 0757
282 0093
273 0233
263 0060
257 0028
234 0174
230 0117
191 0387
185 0458
183 0284
180 0317
179 0118
173 0447
154 0177
145 0205
144 0453
144 0473
144 0088
143 0025
142 0098
136 0248
124 0973
122 0043
121 0298 0284
119 0149
119 1129
117 0559
114 0942
112 0838
110 0299
110 0030
109 1585
105 0026
105 0138
103 1044
103 0064
103 0797
101 0051
98 0474
98 0811
96 1975
93 0237
90 0330
89 0027
87 0190
87 0067 0390
86 0435
85 0195
85 0757 0031
84 0722
84 0755
84 0543
83 0211
82 0276
82 0233 0031
81 0183
79 0137
79 0152
78 0040
77 0092
77 0255
77 0000
